evol_default_field_evaluator:
{
	THEIR_GOAL_DIST_RATE:			3.28763719460485,
	NEAR_OFFSIDE_LINE_DIST_THRETHOLD:	0.15935006209734,
	NEAR_OFFSIDE_BONUS_RATE:		0.154296541439388,
	NEAR_DEFENSE_LINE_DIST_THRETHOLD:	4.01426633132956,
	ATTACK_LINE_X_THRESHOLD:		11.6216588720622,
	OVER_ATTACK_LINE_RATE:			0.137215779547104,
	OPP_DIST_THRETHOLD:			10.0,
	OPP_DIST_FACTOR:			2.5,
	PASS_COUNT_BONUS_RATE:			10.0,
	CHAIN_SPEND_TIME_PENALTY_RATE:		0.304501573979152,
	CHAIN_PATH_LENGTH_PENALTY_RATE:		3.0
}
